REGION	POS	REF	ALT	REF_DP	REF_RV	REF_QUAL	ALT_DP	ALT_RV	ALT_QUAL	ALT_FREQ	TOTAL_DP	PVAL	PASS	GFF_FEATURE	REF_CODON	REF_AA	ALT_CODON	ALT_AA	POS_AA
lcl|NC_001477.1_cds_NP_059433.1_1	208	G	A	0	0	0	129	63	40	1	129	8.70125e-77	TRUE	NA	NA	NA	NA	NA	NA
lcl|NC_001477.1_cds_NP_059433.1_1	261	A	G	0	0	0	104	49	40	1	104	8.79842e-62	TRUE	NA	NA	NA	NA	NA	NA
lcl|NC_001477.1_cds_NP_059433.1_1	339	G	A	0	0	0	38	17	40	1	38	2.90165e-22	TRUE	NA	NA	NA	NA	NA	NA
lcl|NC_001477.1_cds_NP_059433.1_1	345	C	T	0	0	0	34	16	40	1	34	7.02913e-20	TRUE	NA	NA	NA	NA	NA	NA
lcl|NC_001477.1_cds_NP_059433.1_1	358	C	-GAG	22	11	40	2	0	20	0.0909091	22	0.278788	FALSE	NA	NA	NA	NA	NA	NA
lcl|NC_001477.1_cds_NP_059433.1_1	360	A	G	0	0	0	19	9	40	1	19	1.45089e-11	TRUE	NA	NA	NA	NA	NA	NA
lcl|NC_001477.1_cds_NP_059433.1_1	363	G	A	2	1	40	16	7	40	0.888889	18	3.76854e-08	TRUE	NA	NA	NA	NA	NA	NA
lcl|NC_001477.1_cds_NP_059433.1_1	7950	A	G	0	0	0	402	176	40	1	402	6.66402e-241	TRUE	NA	NA	NA	NA	NA	NA
lcl|NC_001477.1_cds_NP_059433.1_1	7974	A	G	0	0	0	628	289	40	1	628	0	TRUE	NA	NA	NA	NA	NA	NA
lcl|NC_001477.1_cds_NP_059433.1_1	7977	G	A	0	0	0	653	303	40	1	653	0	TRUE	NA	NA	NA	NA	NA	NA
lcl|NC_001477.1_cds_NP_059433.1_1	8043	T	C	0	0	0	1356	650	40	1	1356	0	TRUE	NA	NA	NA	NA	NA	NA
lcl|NC_001477.1_cds_NP_059433.1_1	8056	T	C	0	0	0	1485	712	40	1	1485	0	TRUE	NA	NA	NA	NA	NA	NA
lcl|NC_001477.1_cds_NP_059433.1_1	8061	G	A	0	0	0	1507	731	40	1	1507	0	TRUE	NA	NA	NA	NA	NA	NA
lcl|NC_001477.1_cds_NP_059433.1_1	8100	T	C	0	0	0	1526	789	40	1	1526	0	TRUE	NA	NA	NA	NA	NA	NA
lcl|NC_001477.1_cds_NP_059433.1_1	8115	C	T	0	0	0	1524	786	40	1	1524	0	TRUE	NA	NA	NA	NA	NA	NA
lcl|NC_001477.1_cds_NP_059433.1_1	8121	T	C	0	0	0	1516	780	40	1	1516	0	TRUE	NA	NA	NA	NA	NA	NA
lcl|NC_001477.1_cds_NP_059433.1_1	8191	C	T	0	0	0	1241	673	40	1	1241	0	TRUE	NA	NA	NA	NA	NA	NA
lcl|NC_001477.1_cds_NP_059433.1_1	8202	A	G	0	0	0	1127	615	40	1	1127	0	TRUE	NA	NA	NA	NA	NA	NA
lcl|NC_001477.1_cds_NP_059433.1_1	8289	G	A	0	0	0	265	148	40	1	265	1.64261e-158	TRUE	NA	NA	NA	NA	NA	NA
lcl|NC_001477.1_cds_NP_059433.1_1	8514	C	T	0	0	0	2	1	40	1	2	0.333333	FALSE	NA	NA	NA	NA	NA	NA
lcl|NC_001477.1_cds_NP_059433.1_1	8541	T	C	0	0	0	23	11	40	1	23	2.42912e-13	TRUE	NA	NA	NA	NA	NA	NA
lcl|NC_001477.1_cds_NP_059433.1_1	8562	T	C	0	0	0	46	22	40	1	46	4.8686e-27	TRUE	NA	NA	NA	NA	NA	NA
lcl|NC_001477.1_cds_NP_059433.1_1	8595	T	C	0	0	0	89	38	40	1	89	8.74119e-53	TRUE	NA	NA	NA	NA	NA	NA
lcl|NC_001477.1_cds_NP_059433.1_1	8625	T	G	0	0	0	100	45	40	1	100	2.20876e-59	TRUE	NA	NA	NA	NA	NA	NA
lcl|NC_001477.1_cds_NP_059433.1_1	8655	C	T	0	0	0	162	79	40	1	162	1.32123e-96	TRUE	NA	NA	NA	NA	NA	NA
lcl|NC_001477.1_cds_NP_059433.1_1	8658	C	T	0	0	0	165	79	40	1	165	2.08342e-98	TRUE	NA	NA	NA	NA	NA	NA
lcl|NC_001477.1_cds_NP_059433.1_1	8700	T	C	0	0	0	158	78	40	1	158	3.3404e-94	TRUE	NA	NA	NA	NA	NA	NA
lcl|NC_001477.1_cds_NP_059433.1_1	8871	C	T	0	0	0	59	27	40	1	59	8.21129e-35	TRUE	NA	NA	NA	NA	NA	NA
lcl|NC_001477.1_cds_NP_059433.1_1	9774	C	T	0	0	0	281	128	40	1	281	3.93816e-168	TRUE	NA	NA	NA	NA	NA	NA
lcl|NC_001477.1_cds_NP_059433.1_1	9790	T	C	0	0	0	420	190	40	1	420	9.91203e-252	TRUE	NA	NA	NA	NA	NA	NA
lcl|NC_001477.1_cds_NP_059433.1_1	9796	T	C	0	0	0	447	204	40	1	447	5.67628e-268	TRUE	NA	NA	NA	NA	NA	NA
lcl|NC_001477.1_cds_NP_059433.1_1	9798	A	G	0	0	0	466	211	40	1	466	2.10843e-279	TRUE	NA	NA	NA	NA	NA	NA
lcl|NC_001477.1_cds_NP_059433.1_1	9807	T	C	0	0	0	613	299	40	1	613	0	TRUE	NA	NA	NA	NA	NA	NA
lcl|NC_001477.1_cds_NP_059433.1_1	9813	C	T	0	0	0	675	325	40	1	675	0	TRUE	NA	NA	NA	NA	NA	NA
lcl|NC_001477.1_cds_NP_059433.1_1	9876	C	T	0	0	0	1043	500	40	1	1043	0	TRUE	NA	NA	NA	NA	NA	NA
lcl|NC_001477.1_cds_NP_059433.1_1	9879	T	C	0	0	0	1043	500	40	1	1043	0	TRUE	NA	NA	NA	NA	NA	NA
lcl|NC_001477.1_cds_NP_059433.1_1	9906	G	A	0	0	0	746	365	40	1	746	0	TRUE	NA	NA	NA	NA	NA	NA
lcl|NC_001477.1_cds_NP_059433.1_1	9912	G	A	0	0	0	746	365	40	1	746	0	TRUE	NA	NA	NA	NA	NA	NA
lcl|NC_001477.1_cds_NP_059433.1_1	9924	T	C	0	0	0	746	365	40	1	746	0	TRUE	NA	NA	NA	NA	NA	NA
lcl|NC_001477.1_cds_NP_059433.1_1	9954	C	T	0	0	0	528	256	40	1	528	0	TRUE	NA	NA	NA	NA	NA	NA
lcl|NC_001477.1_cds_NP_059433.1_1	9981	C	A	0	0	0	492	259	40	1	492	4.81041e-295	TRUE	NA	NA	NA	NA	NA	NA
lcl|NC_001477.1_cds_NP_059433.1_1	9999	A	G	0	0	0	508	290	40	1	508	1.13807e-304	TRUE	NA	NA	NA	NA	NA	NA
lcl|NC_001477.1_cds_NP_059433.1_1	10011	A	G	0	0	0	508	290	40	1	508	1.13807e-304	TRUE	NA	NA	NA	NA	NA	NA
lcl|NC_001477.1_cds_NP_059433.1_1	10020	T	A	0	0	0	508	290	40	1	508	1.13807e-304	TRUE	NA	NA	NA	NA	NA	NA
lcl|NC_001477.1_cds_NP_059433.1_1	10026	A	G	0	0	0	508	290	40	1	508	1.13807e-304	TRUE	NA	NA	NA	NA	NA	NA
lcl|NC_001477.1_cds_NP_059433.1_1	10042	C	A	0	0	0	508	290	40	1	508	1.13807e-304	TRUE	NA	NA	NA	NA	NA	NA
lcl|NC_001477.1_cds_NP_059433.1_1	10044	A	G	0	0	0	508	290	40	1	508	1.13807e-304	TRUE	NA	NA	NA	NA	NA	NA
lcl|NC_001477.1_cds_NP_059433.1_1	10059	C	T	20	11	40	508	290	40	0.962121	528	1.75507e-280	TRUE	NA	NA	NA	NA	NA	NA
lcl|NC_001477.1_cds_NP_059433.1_1	10062	C	T	23	12	40	508	290	40	0.956685	531	4.86564e-278	TRUE	NA	NA	NA	NA	NA	NA
lcl|NC_001477.1_cds_NP_059433.1_1	10119	C	T	84	44	40	272	162	40	0.764045	356	1.76996e-121	TRUE	NA	NA	NA	NA	NA	NA
lcl|NC_001477.1_cds_NP_059433.1_1	10121	T	A	0	0	0	330	193	40	1	330	1.34657e-197	TRUE	NA	NA	NA	NA	NA	NA
lcl|NC_001477.1_cds_NP_059433.1_1	10146	A	G	98	48	40	21	14	40	0.176471	119	1.9886e-07	TRUE	NA	NA	NA	NA	NA	NA
